layout_spectrum: 0.2540279
color:
  saturation: 0.8648407
  brandStrength: 0.5887186
  lightness: 0.3281417
  rhythmicContrast: 0.9194443
typography_spectrum: 0.4602578
name: shazlan
